[ColorEffects:Disabled]
Color=56,56,56
ColorAmount=0
ColorEffect=0
ContrastAmount=0.65000000000000002
ContrastEffect=1
IntensityAmount=0.10000000000000001
IntensityEffect=2

[ColorEffects:Inactive]
ChangeSelectionColor=true
Color=112,111,110
ColorAmount=0.025000000000000001
ColorEffect=2
ContrastAmount=0.10000000000000001
ContrastEffect=2
Enable=true
IntensityAmount=0
IntensityEffect=0

[Colors:Button]
BackgroundAlternate=40,40,40
BackgroundNormal=40,40,40
DecorationFocus=131,165,152
DecorationHover=142,192,124
ForegroundActive=184,187,38
ForegroundInactive=168,153,132
ForegroundLink=211,134,155
ForegroundNegative=234,105,98
ForegroundNeutral=254,128,25
ForegroundNormal=213,196,161
ForegroundPositive=163,190,140
ForegroundVisited=131,165,152

[Colors:Selection]
BackgroundAlternate=131,165,152
BackgroundNormal=142,192,124
DecorationFocus=131,165,152
DecorationHover=163,190,140
ForegroundActive=29,32,33
ForegroundInactive=29,32,33
ForegroundLink=211,134,155
ForegroundNegative=234,105,98
ForegroundNeutral=254,128,25
ForegroundNormal=29,32,33
ForegroundPositive=163,190,140
ForegroundVisited=131,165,152

[Colors:Tooltip]
BackgroundAlternate=50,48,47
BackgroundNormal=50,48,47
DecorationFocus=131,165,152
DecorationHover=142,192,124
ForegroundActive=184,187,38
ForegroundInactive=168,153,132
ForegroundLink=211,134,155
ForegroundNegative=234,105,98
ForegroundNeutral=254,128,25
ForegroundNormal=213,196,161
ForegroundPositive=163,190,140
ForegroundVisited=131,165,152

[Colors:View]
BackgroundAlternate=40,40,40
BackgroundNormal=40,40,40
DecorationFocus=131,165,152
DecorationHover=142,192,124
ForegroundActive=184,187,38
ForegroundInactive=168,153,132
ForegroundLink=211,134,155
ForegroundNegative=234,105,98
ForegroundNeutral=254,128,25
ForegroundNormal=213,196,161
ForegroundPositive=163,190,140
ForegroundVisited=131,165,152

[Colors:Window]
BackgroundAlternate=50,48,47
BackgroundNormal=40,40,40
DecorationFocus=131,165,152
DecorationHover=142,192,124
ForegroundActive=184,187,38
ForegroundInactive=168,153,132
ForegroundLink=211,134,155
ForegroundNegative=234,105,98
ForegroundNeutral=254,128,25
ForegroundNormal=213,196,161
ForegroundPositive=163,190,140
ForegroundVisited=131,165,152

[General]
ColorScheme=GruvboxMaterial
Name=Gruvbox Material
shadeSortColumn=true

[KDE]
contrast=4

[WM]
activeBackground=40,40,40
activeBlend=213,196,161
activeForeground=213,196,161
inactiveBackground=50,48,47
inactiveBlend=80,73,69
inactiveForeground=168,153,132
